! Laser frequency file SHARC 4.0
! version 1.0 
! laser file path = laser 

+0.000000E+000  +1.374795E-002
+2.500000E-001  +1.374795E-002
+5.000000E-001  +1.374795E-002
+7.500000E-001  +1.374795E-002
+1.000000E+000  +1.374795E-002
+1.250000E+000  +1.374795E-002
+1.500000E+000  +1.374795E-002
+1.750000E+000  +1.374795E-002
+2.000000E+000  +1.374795E-002
+2.250000E+000  +1.374795E-002
+2.500000E+000  +1.374795E-002
+2.750000E+000  +1.374795E-002
+3.000000E+000  +1.374795E-002
+3.250000E+000  +1.374795E-002
+3.500000E+000  +1.374795E-002
+3.750000E+000  +1.374795E-002
+4.000000E+000  +1.374795E-002
+4.250000E+000  +1.374795E-002
+4.500000E+000  +1.374795E-002
+4.750000E+000  +1.374795E-002
+5.000000E+000  +1.374795E-002
+5.250000E+000  +1.374795E-002
+5.500000E+000  +1.374795E-002
+5.750000E+000  +1.374795E-002
+6.000000E+000  +1.374795E-002
+6.250000E+000  +1.374795E-002
+6.500000E+000  +1.374795E-002
+6.750000E+000  +1.374795E-002
+7.000000E+000  +1.374795E-002
+7.250000E+000  +1.374795E-002
+7.500000E+000  +1.374795E-002
+7.750000E+000  +1.374795E-002
+8.000000E+000  +1.374795E-002
+8.250000E+000  +1.374795E-002
+8.500000E+000  +1.374795E-002
+8.750000E+000  +1.374795E-002
+9.000000E+000  +1.374795E-002
+9.250000E+000  +1.374795E-002
+9.500000E+000  +1.374795E-002
+9.750000E+000  +1.374795E-002
+1.000000E+001  +1.374795E-002
+1.025000E+001  +1.374795E-002
+1.050000E+001  +1.374795E-002
+1.075000E+001  +1.374795E-002
+1.100000E+001  +1.374795E-002
+1.125000E+001  +1.374795E-002
+1.150000E+001  +1.374795E-002
+1.175000E+001  +1.374795E-002
+1.200000E+001  +1.374795E-002
+1.225000E+001  +1.374795E-002
+1.250000E+001  +1.374795E-002
+1.275000E+001  +1.374795E-002
+1.300000E+001  +1.374795E-002
+1.325000E+001  +1.374795E-002
+1.350000E+001  +1.374795E-002
+1.375000E+001  +1.374795E-002
+1.400000E+001  +1.374795E-002
+1.425000E+001  +1.374795E-002
+1.450000E+001  +1.374795E-002
+1.475000E+001  +1.374795E-002
+1.500000E+001  +1.374795E-002
+1.525000E+001  +1.374795E-002
+1.550000E+001  +1.374795E-002
+1.575000E+001  +1.374795E-002
+1.600000E+001  +1.374795E-002
+1.625000E+001  +1.374795E-002
+1.650000E+001  +1.374795E-002
+1.675000E+001  +1.374795E-002
+1.700000E+001  +1.374795E-002
+1.725000E+001  +1.374795E-002
+1.750000E+001  +1.374795E-002
+1.775000E+001  +1.374795E-002
+1.800000E+001  +1.374795E-002
+1.825000E+001  +1.374795E-002
+1.850000E+001  +1.374795E-002
+1.875000E+001  +1.374795E-002
+1.900000E+001  +1.374795E-002
+1.925000E+001  +1.374795E-002
+1.950000E+001  +1.374795E-002
+1.975000E+001  +1.374795E-002
+2.000000E+001  +1.374795E-002
+2.025000E+001  +1.374795E-002
+2.050000E+001  +1.374795E-002
+2.075000E+001  +1.374795E-002
+2.100000E+001  +1.374795E-002
+2.125000E+001  +1.374795E-002
+2.150000E+001  +1.374795E-002
+2.175000E+001  +1.374795E-002
+2.200000E+001  +1.374795E-002
+2.225000E+001  +1.374795E-002
+2.250000E+001  +1.374795E-002
+2.275000E+001  +1.374795E-002
+2.300000E+001  +1.374795E-002
+2.325000E+001  +1.374795E-002
+2.350000E+001  +1.374795E-002
+2.375000E+001  +1.374795E-002
+2.400000E+001  +1.374795E-002
+2.425000E+001  +1.374795E-002
+2.450000E+001  +1.374795E-002
+2.475000E+001  +1.374795E-002
+2.500000E+001  +1.374795E-002
+2.525000E+001  +1.374795E-002
+2.550000E+001  +1.374795E-002
+2.575000E+001  +1.374795E-002
+2.600000E+001  +1.374795E-002
+2.625000E+001  +1.374795E-002
+2.650000E+001  +1.374795E-002
+2.675000E+001  +1.374795E-002
+2.700000E+001  +1.374795E-002
+2.725000E+001  +1.374795E-002
+2.750000E+001  +1.374795E-002
+2.775000E+001  +1.374795E-002
+2.800000E+001  +1.374795E-002
+2.825000E+001  +1.374795E-002
+2.850000E+001  +1.374795E-002
+2.875000E+001  +1.374795E-002
+2.900000E+001  +1.374795E-002
+2.925000E+001  +1.374795E-002
+2.950000E+001  +1.374795E-002
+2.975000E+001  +1.374795E-002
+3.000000E+001  +1.374795E-002
+3.025000E+001  +1.374795E-002
+3.050000E+001  +1.374795E-002
+3.075000E+001  +1.374795E-002
+3.100000E+001  +1.374795E-002
+3.125000E+001  +1.374795E-002
+3.150000E+001  +1.374795E-002
+3.175000E+001  +1.374795E-002
+3.200000E+001  +1.374795E-002
+3.225000E+001  +1.374795E-002
+3.250000E+001  +1.374795E-002
+3.275000E+001  +1.374795E-002
+3.300000E+001  +1.374795E-002
+3.325000E+001  +1.374795E-002
+3.350000E+001  +1.374795E-002
+3.375000E+001  +1.374795E-002
+3.400000E+001  +1.374795E-002
+3.425000E+001  +1.374795E-002
+3.450000E+001  +1.374795E-002
+3.475000E+001  +1.374795E-002
+3.500000E+001  +1.374795E-002
+3.525000E+001  +1.374795E-002
+3.550000E+001  +1.374795E-002
+3.575000E+001  +1.374795E-002
+3.600000E+001  +1.374795E-002
+3.625000E+001  +1.374795E-002
+3.650000E+001  +1.374795E-002
+3.675000E+001  +1.374795E-002
+3.700000E+001  +1.374795E-002
+3.725000E+001  +1.374795E-002
+3.750000E+001  +1.374795E-002
+3.775000E+001  +1.374795E-002
+3.800000E+001  +1.374795E-002
+3.825000E+001  +1.374795E-002
+3.850000E+001  +1.374795E-002
+3.875000E+001  +1.374795E-002
+3.900000E+001  +1.374795E-002
+3.925000E+001  +1.374795E-002
+3.950000E+001  +1.374795E-002
+3.975000E+001  +1.374795E-002
+4.000000E+001  +1.374795E-002
