V0.txt
2 0 2
charge 0 1 0
epsilon
4
  1   1  0.0000000000
  1   2  0.0825100255
  3   1  0.0734902718
  3   2  0.1282008849
kappa
12
  1   1     9  1.29184e-03
  1   1    10 -1.62848e-04
  1   1    11 -1.27658e-03
  1   2     9  6.62082e-03
  1   2    10 -2.82505e-03
  1   2    11 -2.30727e-04
  3   1     9  5.26144e-03
  3   1    10 -2.78141e-03
  3   1    11  5.64000e-05
  3   2     9  1.54552e-02
  3   2    10 -4.15642e-03
  3   2    11  9.17763e-04
lambda
0
SOC I
  0.0000000e+00  0.0000000e+00 -5.3928499e-04  3.0703390e-11  5.0734491e-12 -2.7058642e-11  5.3928499e-04 -3.0703390e-11
  0.0000000e+00  0.0000000e+00  2.1660192e-11  5.1384772e-04 -3.8499814e-11 -2.0557702e-12 -2.1660192e-11 -5.1384772e-04
  5.3928499e-04 -2.1660192e-11  0.0000000e+00  1.0968393e-11 -2.1033672e-28 -4.9543726e-04  0.0000000e+00  0.0000000e+00
 -3.0703390e-11 -5.1384772e-04 -1.0968393e-11  0.0000000e+00  4.9543726e-04  6.1268727e-27  0.0000000e+00  0.0000000e+00
 -5.0734491e-12  3.8499814e-11 -2.1033672e-28 -4.9543726e-04  0.0000000e+00  0.0000000e+00 -2.1033672e-28 -4.9543726e-04
  2.7058642e-11  2.0557702e-12  4.9543726e-04  6.1268727e-27  0.0000000e+00  0.0000000e+00  4.9543726e-04  6.1268727e-27
 -5.3928499e-04  2.1660192e-11  0.0000000e+00  0.0000000e+00 -2.1033672e-28 -4.9543726e-04  0.0000000e+00 -1.0968393e-11
  3.0703390e-11  5.1384772e-04  0.0000000e+00  0.0000000e+00  4.9543726e-04  6.1268727e-27  1.0968393e-11  0.0000000e+00
DMX R
 -6.3335507e-01 -4.7457299e-08  0.0000000e+00  0.0000000e+00  0.0000000e+00  0.0000000e+00  0.0000000e+00  0.0000000e+00
 -4.7457299e-08 -4.0084998e-01  0.0000000e+00  0.0000000e+00  0.0000000e+00  0.0000000e+00  0.0000000e+00  0.0000000e+00
  0.0000000e+00  0.0000000e+00 -2.9475896e-01  5.9621695e-08  0.0000000e+00  0.0000000e+00  0.0000000e+00  0.0000000e+00
  0.0000000e+00  0.0000000e+00  5.9621695e-08 -5.6106154e-01  0.0000000e+00  0.0000000e+00  0.0000000e+00  0.0000000e+00
  0.0000000e+00  0.0000000e+00  0.0000000e+00  0.0000000e+00 -2.9475896e-01  5.9621695e-08  0.0000000e+00  0.0000000e+00
  0.0000000e+00  0.0000000e+00  0.0000000e+00  0.0000000e+00  5.9621695e-08 -5.6106154e-01  0.0000000e+00  0.0000000e+00
  0.0000000e+00  0.0000000e+00  0.0000000e+00  0.0000000e+00  0.0000000e+00  0.0000000e+00 -2.9475896e-01  5.9621695e-08
  0.0000000e+00  0.0000000e+00  0.0000000e+00  0.0000000e+00  0.0000000e+00  0.0000000e+00  5.9621695e-08 -5.6106154e-01
Multipolar Density Fit 
24
1  1  1   0     -0.08109983  0.13532177  0.00000000 -0.00000001 -0.11476520  0.09380421  0.02096099 -0.00000000  0.00000000 -0.00000001
1  1  1   1     -0.13886037 -0.12313541  0.00000000 -0.00000002  0.64538225 -2.02825473  1.38287247  0.00000001  0.00000000 -0.00000002
1  1  1   2      0.10998011 -0.01579911 -0.03061760 -0.00000000 -0.13711299  0.16101129 -0.02389829  0.08934559  0.00000001  0.00000001
1  1  1   3      0.10998010 -0.01579910  0.03061759  0.00000000 -0.13711300  0.16101129 -0.02389829 -0.08934559 -0.00000002  0.00000000
1  1  2   0      0.00000001 -0.00000003  0.00000000  0.00000001  0.00000000 -0.00000000 -0.00000000  0.00000000 -0.00000000 -0.29794023
1  1  2   1     -0.00000001  0.00000001 -0.00000002  0.00000001 -0.00000001 -0.00000000  0.00000001 -0.00000000  0.00000001  2.28649664
1  1  2   2     -0.00000000  0.00000001  0.00000000  0.11936990 -0.00000000  0.00000000 -0.00000000 -0.00000000 -0.03841412 -0.21702487
1  1  2   3      0.00000001  0.00000001  0.00000000 -0.11936990  0.00000000  0.00000000 -0.00000000  0.00000000  0.03841411 -0.21702488
1  2  2   0     -0.43358856  0.17753085  0.00000000  0.00000000 -0.01343263 -0.01049116  0.02392379 -0.00000000 -0.00000001 -0.00000000
1  2  2   1      0.01395602  0.03711451  0.00000001  0.00000000 -0.00206858  1.41901641 -1.41694783  0.00000000  0.00000002  0.00000000
1  2  2   2      0.20981627 -0.10782291  0.09063647 -0.00000001  0.18192001 -0.13074404 -0.05117597 -0.16638031  0.00000000  0.00000001
1  2  2   3      0.20981627 -0.10782291 -0.09063647 -0.00000000  0.18192000 -0.13074404 -0.05117597  0.16638031 -0.00000001 -0.00000001
3  1  1   0     -0.45839240  0.11215000 -0.00000001 -0.00000003 -0.00269152 -0.00400595  0.00669747  0.00000001  0.00000001  0.00000001
3  1  1   1      0.04718734  0.05968025  0.00000001  0.00000001 -0.02435207  1.31387237 -1.28952030 -0.00000001 -0.00000002  0.00000005
3  1  1   2      0.20560249 -0.08430647  0.08522547  0.00000002  0.17125193 -0.10942387 -0.06182806 -0.19476257 -0.00000002 -0.00000001
3  1  1   3      0.20560257 -0.08430649 -0.08522547  0.00000001  0.17125191 -0.10942386 -0.06182805  0.19476253  0.00000002  0.00000000
3  1  2   0      0.00000000  0.00000003 -0.00000001 -0.00000006 -0.00000000 -0.00000001  0.00000001 -0.00000000  0.00000001 -0.15442581
3  1  2   1      0.00000001 -0.00000002  0.00000002  0.00000009  0.00000001 -0.00000003  0.00000002  0.00000000 -0.00000003  1.96142758
3  1  2   2     -0.00000000 -0.00000001 -0.00000001  0.06815536 -0.00000001  0.00000000  0.00000001  0.00000001 -0.11857928 -0.19448060
3  1  2   3     -0.00000002  0.00000000  0.00000001 -0.06815534 -0.00000001  0.00000000  0.00000001 -0.00000001  0.11857930 -0.19448057
3  2  2   0      0.21060725 -0.28963877  0.00000011 -0.00000003 -0.10604392  0.10556477  0.00047916 -0.00000001  0.00000001 -0.00000000
3  2  2   1     -0.19015542  0.10988562 -0.00000019  0.00000005  0.55606387 -1.86736863  1.31130475  0.00000005 -0.00000002 -0.00000006
3  2  2   2     -0.01022598  0.09664828  0.04459476  0.00000002 -0.07585618  0.15964006 -0.08378388  0.01362274  0.00000002  0.00000000
3  2  2   3     -0.01022585  0.09664831 -0.04459474  0.00000000 -0.07585626  0.15964009 -0.08378383 -0.01362277 -0.00000001  0.00000001
